Number Correct : 48325
Number Total : 56824
Percent : 85.04329156694355
Confusion matrix:
Predicted  #    $   ''   (   )     ,     .    :    CC    CD    DT  EX  FW    IN    JJ  JJR  JJS  LS   MD    NN   NNP  NNPS   NNS  PDT  POS   PRP  PRP$    RB  RBR  RBS  RP  SYM    TO  UH    VB   VBD  VBG  VBN  VBP   VBZ  WDT   WP  WP$  WRB   ``
Actual                                                                                                                                                                                                                                             
           0    0    0   0   0     0     0    0     0     0     0   0   0     0     0    0    0   0    0     1     0     0     0    0    0     0     0     0    0    0   0    0     0   0     0     0    0    0    0     0    0    0    0    0    0
#          5    0    0   0   0     0     0    0     0     0     0   0   0     0     0    0    0   0    0     0     0     0     0    0    0     0     0     0    0    0   0    0     0   0     0     0    0    0    0     0    0    0    0    0    0
$          0  371    0   0   0     0     0    0     0     0     0   0   0     0     0    0    0   0    0     4     0     0     0    0    0     0     0     0    0    0   0    0     0   0     0     0    0    0    0     0    0    0    0    0    0
''         0    0  530   0   0     0     0    0     0     0     0   0   0     0     0    0    0   0    0     1     0     0     0    0    2     0     0     0    0    0   0    0     0   0     0     0    0    0    0     0    0    0    0    0    0
(          0    0    0  76   0     0     0    0     0     0     0   0   0     0     0    0    0   0    0     0     0     0     0    0    0     0     0     0    0    0   0    0     0   0     0     0    0    0    0     0    0    0    0    0    0
)          0    0    0   0  76     0     0    0     0     0     0   0   0     0     0    0    0   0    0     0     0     0     0    0    0     0     0     0    0    0   0    0     0   0     0     0    0    0    0     0    0    0    0    0    0
,          0    0    0   0   0  3070     0    0     0     0     0   0   0     0     0    0    0   0    0     0     0     0     0    0    0     0     0     0    0    0   0    0     0   0     0     0    0    0    0     0    0    0    0    0    0
.          0    0    0   0   0     0  2363    0     0     0     0   0   0     0     0    0    0   0    0     0     0     0     0    0    0     0     0     0    0    0   0    0     0   0     0     0    0    0    0     0    0    0    0    0    0
:          0    0    0   0   0     0     0  336     0     0     0   0   0     0     0    0    0   0    0     0     0     0     0    0    0     0     0     0    0    0   0    0     0   0     0     0    0    0    0     0    0    0    0    0    0
CC         0    0    0   0   0     0     0    0  1324     0    10   0   0     0     0    0    0   0    0     0     0     0     0    0    0     0     0     2    0    0   0   37     0   0     0     0    0    0    0     0    0    0    0    0    0
CD         0    0    0   0   0     0     0    0     0  1423     0   0   0     0     0    0    0   4    0   506     1     0     0    0    0     1     0     0    0    0   0    0     0   0     0     0    0    0    0     0    0    0    0    0    0
DT         0    0    0   0   0     0     0    0     0     0  4765   0   0    36     2    0    0   0    0     2     0     0     0    8    0     0     0     0    0    0   0    0     0   2     0     0    0    0    0     0    4    0    0    0    0
EX         0    0    0   0   0     0     0    0     0     0     0  56   0     0     0    0    0   0    0     0     0     0     0    0    0     0     0     1    0    0   0    0     0   0     0     0    0    0    0     0    0    0    0    0    0
FW         0    0    0   0   0     0     0    0     0     0     0   0   0     0     0    0    0   0    0    19     1     0     0    0    0     0     0     0    0    0   0    0     0   0     0     0    0    0    0     0    0    0    0    0    0
IN         0    0    0   0   0     0     0    0     0     0     7   0   0  5765     5    0    0   0    0    16     0     0     0    0    0     0     0    37    0    0  20    0     0   0     0     0    0    0    1     0   15    0    0    0    0
JJ         0    0    0   0   0     0     0    0     0     1     0   0   0     9  2427    0    1   0    0  1049    33     0     0    3    0     0     0    39    3    0   0    0     0   0     6    18   19  101    2     0    0    0    0    0    0
JJR        0    0    0   0   0     0     0    0     0     0     0   0   0     0     1  127    0   0    0    16     1     0     0    0    0     0     0     0   49    0   0    0     0   0     0     0    0    0    0     0    0    0    0    0    0
JJR|RBR    0    0    0   0   0     0     0    0     0     0     0   0   0     0     0    1    0   0    0     0     0     0     0    0    0     0     0     0    3    0   0    0     0   0     0     0    0    0    0     0    0    0    0    0    0
JJS        0    0    0   0   0     0     0    0     0     0     0   0   0     0     0    0  104   0    0    11     0     0     0    0    0     0     0     0    0   13   0    0     0   0     0     0    0    0    0     0    0    0    0    0    0
JJ|IN      0    0    0   0   0     0     0    0     0     0     0   0   0     0     0    0    0   0    0     1     0     0     0    0    0     0     0     0    0    0   0    0     0   0     0     0    0    0    0     0    0    0    0    0    0
LS         0    0    0   0   0     0     0    0     0     0     0   0   0     0     0    0    0   4    0     0     0     0     0    0    0     0     0     0    0    0   0    0     0   0     0     0    0    0    0     0    0    0    0    0    0
MD         0    0    0   0   0     0     0    0     0     0     0   0   0     0     0    0    0   0  580     4     0     0     0    0    0     0     0     0    0    0   0    0     0   0     0     0    0    0    0     0    0    0    0    0    0
NN         0    0    0   0   0     0     0    0     1     6     0   0   0     1    95    0    0   0    3  7251    43     0     6    5    0     0     0     2    0    0   0    0     0   0    48    13   77    3   25     1    0    0    0    0    0
NNP        0    0    0   0   0     0     0    0     0     3     4   0   1     0    83    1    0   0    0  2438  3346    49    12    0    0     0     0     0    0    0   0    0     0   0     1     0    0    0    0     1    0    0    0    0    0
NNPS       0    0    0   0   0     0     0    0     0     0     0   0   0     0     5    0    0   0    0    19     0     9     9    0    0     0     0     0    0    0   0    0     0   0     0     0    0    0    0     0    0    0    0    0    0
NNS        0    0    0   0   0     0     0    0     0     6     0   0   0     0    15    0    0   0    0   733     9     8  2674    0    0     0     0     1    0    0   0    0     0   0     0     0    0    0    0    67    0    0    0    0    0
PDT        0    0    0   0   0     0     0    0     0     0    10   0   0     0     4    0    0   0    0     0     0     0     0    4    0     0     0     0    0    0   0    0     0   0     0     0    0    0    0     0    0    0    0    0    0
POS        0    0    2   0   0     0     0    0     0     0     0   0   0     0     0    0    0   0    0    22     0     0     0    0  476     0     0     0    0    0   0    0     0   0     0     0    0    0    0    51    0    0    0    0    0
PRP        0    0    0   0   0     0     0    0     0     6     0   0   0     0     0    0    0   0    0     0     0     0     0    0    0  1042     8     0    0    0   0    0     0   0     0     0    0    0    0     0    0    0    0    0    0
PRP$       0    0    0   0   0     0     0    0     0     0     0   0   0     0     0    0    0   0    0     3     0     0     0    0    0     4   503     0    0    0   0    0     0   0     0     0    0    0    0     0    0    0    0    0    0
RB         0    0    0   0   0     0     0    0     6     0    10   6   0   195    49    0    2   0    0   168     3     0     0    0    0     0     0  1570    8    0  27    0     0   1     3     0    0    0    0     0    0    0    0    0    0
RBR        0    0    0   0   0     0     0    0     0     0     0   0   0     0     0   59    0   0    0     2     0     0     0    0    0     0     0     1   48    0   0    0     0   0     0     0    0    0    0     0    0    0    0    0    0
RBR|JJR    0    0    0   0   0     0     0    0     0     0     0   0   0     0     0    0    0   0    0     0     0     0     0    0    0     0     0     0    2    0   0    0     0   0     0     0    0    0    0     0    0    0    0    0    0
RBS        0    0    0   0   0     0     0    0     0     0     0   0   0     0     0    0   13   0    0     0     0     0     0    0    0     0     0     0    0   17   0    0     0   0     0     0    0    0    0     0    0    0    0    0    0
RB|JJ      0    0    0   0   0     0     0    0     0     0     0   0   0     0     1    0    0   0    0     1     0     0     0    0    0     0     0     0    0    0   0    0     0   0     0     0    0    0    0     0    0    0    0    0    0
RP         0    0    0   0   0     0     0    0     0     0     0   0   0    54     0    0    0   0    0     2     0     0     0    0    0     0     0    25    0    0  96    0     0   0     0     0    0    0    0     0    0    0    0    0    0
SYM        0    0    0   0   0     0     0    0     0     0     0   0   0     0     0    0    0   0    0     1     0     0     0    0    0     0     0     0    0    0   0    0     0   0     0     0    0    0    0     0    0    0    0    0    0
TO         0    0    0   0   0     0     0    0     0     0     0   0   0     0     0    0    0   0    0     0     0     0     0    0    0     0     0     0    0    0   0    0  1245   0     0     0    0    0    0     0    0    0    0    0    0
UH         0    0    0   0   0     0     0    0     0     0     1   0   0     0     0    0    0   0    0     4     0     0     0    0    0     0     0     3    0    0   0    0     0   0     0     0    0    0    0     0    0    0    0    0    0
VB         0    0    0   0   0     0     0    0     0     0     0   0   0     0    11    1    0   0    0   295     0     0     0    0    0     0     0     1    0    0   0    0     0   0  1172     4    0    3  102     0    0    0    0    0    0
VBD        0    0    0   0   0     0     0    0     0     0     0   0   0     0     2    0    0   0    0   142     0     0     0    0    0     0     0     0    0    0   0    0     0   0     2  1488    0  202    1     0    0    0    0    0    0
VBG        0    0    0   0   0     0     0    0     0     0     0   0   0     0     3    0    0   0    0   273     0     0     0    0    0     0     0     0    0    0   0    0     0   0     0     0  541    0    0     0    0    0    0    0    0
VBG|NN     0    0    0   0   0     0     0    0     0     0     0   0   0     0     0    0    0   0    0     1     0     0     0    0    0     0     0     0    0    0   0    0     0   0     0     0    0    0    0     0    0    0    0    0    0
VBN        0    0    0   0   0     0     0    0     0     0     0   0   0     0    11    0    0   0    0   202     0     0     0    0    0     0     0     0    0    0   0    0     0   0     3   133    0  749    0     0    0    0    0    0    0
VBN|JJ     0    0    0   0   0     0     0    0     0     0     0   0   0     0     0    0    0   0    0     0     0     0     0    0    0     0     0     0    0    0   0    0     0   0     0     0    0    2    0     0    0    0    0    0    0
VBP        0    0    0   0   0     0     0    0     0     0     0   0   0     0     4    0    0   0    0    80     1     0     0    0    0     0     0     0    0    0   0    0     0   0    60     0    0    7  650     0    0    0    0    0    0
VBZ        0    0    0   0   0     0     0    0     0     0     0   0   0     0     0    0    0   0    0   100     0     0    34    0   11     0     0     0    0    0   0    0     0   0     0     0    0    0    0  1091    0    0    0    0    0
WDT        0    0    0   0   0     0     0    0     0     0     2   0   0   122     0    0    0   0    0     2     0     0     0    0    0     0     0     0    0    0   0    0     0   0     0     0    0    0    0     0  153    1    0    0    0
WP         0    0    0   0   0     0     0    0     0     0     0   0   0     0     0    0    0   0    0     0     0     0     0    0    0     0     0     0    0    0   0    0     0   0     0     0    0    0    0     0    0  111    0    0    0
WP$        0    0    0   0   0     0     0    0     0     0     0   0   0     0     0    0    0   0    0     0     0     0     0    0    0     0     0     0    0    0   0    0     0   0     0     0    0    0    0     0    0    0   21    0    0
WRB        0    0    0   0   0     0     0    0     0     0     0   0   0     0     0    0    0   0    0     1     0     0     0    0    0     0     0     1    0    0   0    0     0   0     0     0    0    0    0     0    0    0    0  131    0
``         0    0    0   0   0     0     0    0     0     0     0   0   0     0     0    0    0   0    0     0     0     0     0    0    0     0     0     0    0    0   0    0     0   0     0     0    0    0    0     0    0    0    0    0  535
